A,B
-29.34,22.92
-29.34,-22.92
-133.0,5.25
-133.0,-5.25
-100.21,30.92
-100.21,-30.92
-118.21,9.39
-118.21,-9.39
-38.8,2.69
-38.8,-2.69
-27.98,16.39
-27.98,-16.39
-54.88,22.41
-54.88,-22.41
-51.06,49.02
-51.06,-49.02
-1.66,1.22
-1.66,-1.22
-107.96,31.69
-107.96,-31.69
-46.07,2.41
-46.07,-2.41
-97.01,33.56
-97.01,-33.56
-69.48,41.14
-69.48,-41.14
-12.57,3.68
-12.57,-3.68
-131.2,0.8
-131.2,-0.8
-20.96,4.31
-20.96,-4.31
-15.69,11.99
-15.69,-11.99
-138.85,0.52
-138.85,-0.52
-71.17,7.02
-71.17,-7.02
-4.04,3.16
-4.04,-3.16
